GUID|COUNT|PARENT1|PARENT2|PARENT3|PARENT4|PARENT5|PARENT6|PARENT7|PARENT8|PARENT9|PARENT10 
838|1|15720|||||||||
973|||||||||||
1104|||||||||||
1146|||||||||||
1160|||||||||||
1220|||||||||||
1227|1|1220|||||||||
1234|1|1255|||||||||
1255|||||||||||
1328|||||||||||
1384|||||||||||
1403|||||||||||
1410|1|1403|||||||||
1419|1|1410|||||||||
1464|||||||||||
1471|1||||||||||
1489|||||||||||
1527|||||||||||
1535|||||||||||
1570|||||||||||
1593|1|3402|||||||||
1608|||||||||||
1615|||||||||||
1638|||||||||||
1659|||||||||||
1666|||||||||||
1680|||||||||||
1687|||||||||||
1694|||||||||||
1708|||||||||||
1715|||||||||||
1722|||||||||||
1761|||||||||||
1768|||||||||||
1775|2|1768|1761||||||||
1782|||||||||||
1796|1|1782|||||||||
1803|||||||||||
1810|||||||||||
1817|||||||||||
1824|||||||||||
1831|1|1817|||||||||
1838|||||||||||
1845|||||||||||
1852|||||||||||
1859|||||||||||
1866|||||||||||
1873|||||||||||
1880|||||||||||
1887|||||||||||
1894|||||||||||
1901|||||||||||
1908|||||||||||
1944|||||||||||
1951|||||||||||
1958|||||||||||
1969|||||||||||
1976|||||||||||
1983|||||||||||
1990|||||||||||
1997|||||||||||
2004|||||||||||
2011|||||||||||
2018|||||||||||
2025|||||||||||
2032|||||||||||
2045|||||||||||
2052|||||||||||
2059|||||||||||
2066|||||||||||
2073|||||||||||
2101|||||||||||
2108|||||||||||
2115|||||||||||
2122|||||||||||
2130|1|15713|||||||||
2144|||||||||||
2151|||||||||||
2165|1|15706|||||||||
2172|1|15699|||||||||
2179|1|15692|||||||||
2186|1|15685|||||||||
2200|||||||||||
2208|1|15678|||||||||
2217|||||||||||
2224|1|15671|||||||||
2231|||||||||||
2238|||||||||||
2245|1|1608|||||||||
2252|||||||||||
2259|||||||||||
2266|||||||||||
2273|||||||||||
2280|||||||||||
2287|||||||||||
2294|||||||||||
2302|||||||||||
2309|||||||||||
2316|||||||||||
2323|||||||||||
2330|||||||||||
2337|||||||||||
2344|||||||||||
2351|||||||||||
2358|||||||||||
2365|||||||||||
2372|||||||||||
2379|||||||||||
2386|||||||||||
2393|||||||||||
2401|||||||||||
2415|2||2979||||||||
2422|||||||||||
2429|1|2379|||||||||
2436|||||||||||
2448|||||||||||
2464|||||||||||
2471|1|2464|||||||||
2478|||||||||||
2485|1|2478|||||||||
2492|||||||||||
2499|||||||||||
2506|||||||||||
2513|||||||||||
2520|||||||||||
2527|1|2520|||||||||
2534|||||||||||
2541|||||||||||
2548|||||||||||
2555|||||||||||
2562|1|1593|||||||||
2569|||||||||||
2576|||||||||||
2583|||||||||||
2590|1|2583|||||||||
2597|||||||||||
2604|1|2597|||||||||
2611|2|2448|2738||||||||
2618|||||||||||
2625|||||||||||
2632|2|2625|2618||||||||
2639|1|2632|||||||||
2647|||||||||||
2656|||||||||||
2665|||||||||||
2672|||||||||||
2681|||||||||||
2688|||||||||||
2717|||||||||||
2724|||||||||||
2731|||||||||||
2738|1|2448|||||||||
2745|||||||||||
2752|||||||||||
2759|||||||||||
2766|||||||||||
2773|||||||||||
2780|||||||||||
2787|||||||||||
2794|||||||||||
2801|||||||||||
2815|1|2422|||||||||
2822|||||||||||
2829|2|1666|1659||||||||
2836|||||||||||
2979|||||||||||
3032|||||||||||
3146|||||||||||
3153|||||||||||
3160|||||||||||
3167|||||||||||
3176|||||||||||
3183|||||||||||
3190|||||||||||
3204|2|15664|3248||||||||
3215|1|15657|||||||||
3227|2|15650|3262||||||||
3234|2|3473|15643||||||||
3241|||||||||||
3248|||||||||||
3255|||||||||||
3262|||||||||||
3284|||||||||||
3349|2|1969|15636||||||||
3370|1|3716|||||||||
3377|1|3723|||||||||
3384|1|3730|||||||||
3391|1|3737|||||||||
3402|||||||||||
3410|2|2562|1593||||||||
3424|||||||||||
3431|1|3424|||||||||
3438|||||||||||
3445|||||||||||
3452|1|3445|||||||||
3473|||||||||||
3480|||||||||||
3487|1|3494|||||||||
3494|||||||||||
3501|1|3716|||||||||
3508|||||||||||
3515|||||||||||
3522|||||||||||
3533|||||||||||
3540|||||||||||
3547|||||||||||
3554|||||||||||
3565|||||||||||
3572|||||||||||
3579|||||||||||
3586|||||||||||
3608|||||||||||
3615|||||||||||
3622|||||||||||
3629|||||||||||
3647|||||||||||
3654|||||||||||
3661|||||||||||
3668|||||||||||
3695|1|3702|||||||||
3702|1|15629|||||||||
3709|1|15622|||||||||
3716|||||||||||
3723|||||||||||
3730|||||||||||
3737|||||||||||
3748|||||||||||
3755|||||||||||
3762|||||||||||
3769|||||||||||
3804|||||||||||
3811|||||||||||
3818|||||||||||
3825|||||||||||
3836|||||||||||
3843|||||||||||
3850|||||||||||
3857|||||||||||
3868|||||||||||
3875|||||||||||
3882|||||||||||
3889|||||||||||
3934|||||||||||
3941|||||||||||
3948|||||||||||
3955|||||||||||
3966|||||||||||
3973|||||||||||
3980|||||||||||
3990|||||||||||
3997|||||||||||
4004|||||||||||
4011|||||||||||
4022|||||||||||
4029|||||||||||
4036|||||||||||
4043|||||||||||
4150|||||||||||
4157|||||||||||
4164|||||||||||
4171|||||||||||
4178|||||||||||
4185|||||||||||
4192|||||||||||
4199|||||||||||
4206|||||||||||
4213|||||||||||
4220|||||||||||
4227|||||||||||
4234|||||||||||
4241|||||||||||
4248|||||||||||
4255|||||||||||
4262|||||||||||
4269|||||||||||
4276|2|15615|4220||||||||
4283|1|4227|||||||||
4290|||||||||||
4297|2|4241|4234||||||||
4304|1|4248|||||||||
4311|1|4255|||||||||
4318|1|4262|||||||||
4325|1|4269|||||||||
4332|||||||||||
4339|||||||||||
4346|||||||||||
4353|||||||||||
4360|1|4332|||||||||
4367|1|4339|||||||||
4374|1|4346|||||||||
4381|1|4353|||||||||
4388|||||||||||
4395|1|4388|||||||||
4402|1|4388|||||||||
4409|1|4388|||||||||
4416|1|4423|||||||||
4423|||||||||||
4430|||||||||||
4437|||||||||||
4444|1|4430|||||||||
4451|1|4437|||||||||
4458|||||||||||
4465|||||||||||
4472|||||||||||
4479|||||||||||
4486|1|4458|||||||||
4493|1|4465|||||||||
4500|1|4472|||||||||
4507|1|4479|||||||||
4568|||||||||||
4575|||||||||||
4582|||||||||||
4589|||||||||||
4596|||||||||||
4603|||||||||||
4610|||||||||||
4633|1|1403|||||||||
4640|1|1403|||||||||
4799|||||||||||
4813|||||||||||
4820|||||||||||
4827|||||||||||
4865|||||||||||
4873|||||||||||
5476|||||||||||
5483|||||||||||
5490|||||||||||
5497|||||||||||
5504|||||||||||
5511|||||||||||
5518|||||||||||
5539|||||||||||
5554|1|5539|||||||||
5561|||||||||||
5568|1|5561|||||||||
5575|||||||||||
5582|1|5575|||||||||
5589|||||||||||
5596|1|5589|||||||||
5603|||||||||||
5610|1|5603|||||||||
5617|||||||||||
5624|1|5617|||||||||
5631|||||||||||
5638|1|5631|||||||||
5645|||||||||||
5652|1|5645|||||||||
8163|1|15608|||||||||
11464|||||||||||
12246|||||||||||
12253|||||||||||
12715|||||||||||
12736|||||||||||
15209|||||||||||
15608|||||||||||
15615|||||||||||
15622|||||||||||
15629|||||||||||
15636|||||||||||
15643|||||||||||
15650|||||||||||
15657|||||||||||
15664|||||||||||
15671|||||||||||
15678|||||||||||
15685|||||||||||
15692|||||||||||
15699|||||||||||
15706|||||||||||
15713|||||||||||
15720|||||||||||
21804|||||||||||
34250|||||||||||
